+302809797804
+302820487834
+302843371996
+31181793183
+3185125632
+318512563295
+3225808922
+3228652391
+32497733303
+3250660514
+3251019698
+3257495739
+33185881209
+33235869346
+33491424812
+33601852718
+33603709520
+33611081298
+33612316763
+33613306535
+33613832717
+33616077664
+33616209372
+33616332772
+33620603945
+33620896394
+33621750150
+33622509961
+33623778908
+33624131896
+33624252112
+33626411705
+33627407507
+33627408818
+33627736259
+33629962635
+33633827026
+33634643953
+33663746355
+33771441679
+33777165185
+33777254174
+33954907995
+347342549434
+35635874547
+35725328935
+35924942791
+39041714653
+39081994846
+393343611334
+393497463085