+41215459849
+420234280629
+431890852515
+4322464434
+43313682058
+4338614398
+4351258078217
+436507531704
+4365262135
+43653518972
+436611409003
+43661331784
+43661573844
+436622458728
+436641120664
+436641121161
+436642047756
+436642258404
+436642715911
+4366434446475
+436644011618
+436645112951
+436645208049
+436768058489
+436769182388
+43720116869
+43720229535
+4372126598
+43722580025
+43722980674
+43722990802
+4372307354
+43732316268
+43732332578
+43732347635
+43732379238
+43732380007
+43732714441
+43732779008
+43732785257
+43800007269
+441689814399
+442038073907
+442073407130
+442086389073
+447868726050
+447873024449
+447888882946
+447888886071
+447904689214
+447944466005
+447979664723
+48571470538