020121960850
02018395880
020192234201
020194625295
020249371231
020261276752
0210832481
02111851555
02111851579
021120497020
021129880210
021136189059
021136189071
021154590836
02116742031
02117559990
0211877789
021332463886
021332463887
021332463890
021618396596
0220152070
022165088561
022166951483
022166951484
022194899072
02219759860
022736803998
022818499069
0228338160
02283822567
022896215753
023149498861
02317257820
023344936
0233449365923
023497979056
0241927864
024195230101
02501802420
026309613999