0151244162787
015210923002
015211226539
015211985001
015212093969
015212416704
015213213516
015213385859
015213560964
015213568458
015213809423
015214547081
015215173526
015215707466
015218442706
015219626185
015219631981
015224367771
015231443432
015253388426
015258438437
015258440270
015510415164
015510952694
015733250709
015735980683
015777667153
016096792717
01621346834
01632210807
01632392681
01632392810
01633404699
01634635408
01634664000
01637875622
01639560410
01721279193
01721279204
01723296714
01724148371
01724303492
01729536887
01733275642
01736315029
01739754714
01739965826
01744366754
01744989760
017647545033
017660470371
017668779853
017684436870
017688854745
017688854889
017688854941
017693709806
017693715798
01771781122
01771781159
01784440764
01784493212
01785930471
0179733003
01805360022*